639
20 67 3 3 70 77 8 76 99 10 57 20 29 97 21 95 0 57 90 93 97 39 73 83 33 70 9 8 10 10 79 51 13 79 96 6 89 37 77 85 77 70 13 50 29 46 57 56 23 70 34 39 23 71 18 14 90 21 27 1 79 78 66 75 36 45 59 58 41 27 85 23 1 55 41 66 38 97 19 91 34 52 58 87 13 42 70 64 83 81 83 19 51 27 48 66 64 51 58 64 76 8 28 97 4 21 1 15 24 85 53 78 23 15 82 87 13 9 74 76 4 8 60 6 90 0 4 94 84 4 86 89 5 71 21 91 75 50 76 91 24 40 23 0 23 99 90 64 28 63 80 21 45 88 67 45 98 3 48 85 89 55 96 61 48 77 98 31 43 39 85 53 3 29 35 2 4 59 74 0 47 66 1 92 78 22 25 56 37 4 76 15 33 88 35 5 45 19 25 62 18 22 6 48 90 8 32 53 20 77 44 25 85 65 88 87 1 41 37 45 27 6 7 8 19 16 99 1 87 73 5 47 83 81 82 19 7 69 69 63 65 10 16 53 60 82 28 38 11 15 8 23 54 53 33 9 39 97 25 73 59 22 77 96 7 29 28 58 64 93 65 4 61 64 65 91 58 63 89 50 66 88 86 59 76 84 33 8 26 82 87 88 40 33 48 32 42 74 45 3 32 8 61 67 53 13 6 28 17 8 83 82 92 3 99 66 58 49 87 61 48 41 20 57 16 82 23 60 55 87 35 98 1 89 55 14 35 93 0 74 53 83 38 93 91 31 58 75 20 92 66 11 10 4 46 7 5 75 6 9 54 13 8 17 9 61 31 90 16 100 63 26 85 78 9 46 95 2 97 22 5 28 36 31 46 88 6 82 14 60 22 23 2 82 22 68 83 37 60 45 53 70 92 19 15 14 18 4 76 35 62 37 65 11 31 86 31 14 23 82 100 14 16 48 12 71 28 16 43 50 8 28 34 67 34 55 80 49 21 96 17 24 27 65 69 77 45 18 11 24 74 73 88 43 19 58 52 15 100 92 42 81 31 93 58 0 58 94 84 35 36 2 2 9 100 80 49 88 80 88 69 1 42 82 74 62 67 36 12 75 96 9 11 26 85 50 64 87 54 18 51 94 93 89 38 2 49 85 5 71 89 58 54 11 96 93 97 45 86 62 34 90 82 71 41 0 19 98 36 86 92 71 54 86 61 78 66 45 62 81 72 39 51 13 100 19 41 72 47 21 85 64 14 13 34 23 51 53 28 74 52 61 43 67 22 32 78 8 46 92 95 87 63 58 4 85 68 40 61 34 47 23 61 98 36 5 7 51 54 82 60 52 4 27 13 38 43 53 51 50 35 22 43 57 54 37 60 22 0 14 64 89 37 7 83 47 10 93 15 26 45 97 42 60 16 11 51 26 18 49 85 21 1 63 60 4 30 70 99 
1310
211 269 3659
112 601 6184
11 556 4930
342 411 9433
149 331 798
4 18 4072
307 464 8966
87 179 4391
81 494 2175
222 596 5666
289 320 8994
79 121 4200
322 363 837
34 59 3519
189 390 6249
8 29 2284
88 174 4378
31 556 724
41 432 1260
181 297 1758
252 368 7790
212 365 1357
47 450 399
179 445 9220
73 284 7231
409 625 4758
464 528 1470
23 159 453
393 550 2718
5 560 1931
223 515 3482
436 447 926
372 474 6244
275 464 8689
30 318 5443
136 424 5368
443 619 6611
264 529 9771
52 464 2375
87 619 6508
227 503 6902
257 333 5327
325 527 6069
237 274 5026
82 413 8193
304 542 2346
119 452 6160
118 374 1496
393 566 1232
168 435 2213
434 566 6723
131 300 3812
24 370 7683
193 261 7019
315 488 3270
39 257 1558
270 506 5691
368 634 2830
67 560 5401
244 355 9810
54 61 1639
183 211 1979
129 467 7634
87 304 334
134 273 5472
308 388 50
113 287 1701
61 383 9182
125 564 6145
142 564 4533
146 536 1943
181 409 3547
328 408 8842
54 529 8907
553 588 5110
56 418 5179
468 501 212
165 358 9741
216 309 142
140 346 5838
192 201 8806
345 407 1288
315 620 526
100 185 4824
341 362 3199
138 609 886
25 496 1137
194 391 7523
348 370 5649
157 326 5398
37 169 5936
112 415 4750
428 570 8283
232 380 9028
326 618 7681
180 220 9115
356 587 7162
282 330 7262
195 578 2290
461 581 6996
211 239 7064
236 503 5836
24 431 9297
167 374 5790
416 424 8982
85 434 4704
308 408 3431
265 312 3948
396 474 988
45 175 9210
166 385 8323
109 458 7566
21 352 8177
278 498 3078
176 611 3173
576 615 5011
414 430 9067
197 542 5443
132 499 6433
323 576 1825
464 571 465
254 338 8003
148 279 1099
158 470 8918
230 570 6015
411 491 6742
458 581 5006
139 227 6059
80 472 9346
90 124 8520
105 555 8740
294 312 5577
378 393 788
263 631 5312
480 553 8346
544 556 4093
403 584 9135
284 527 3370
173 217 7952
30 82 8833
57 368 3747
33 37 7522
205 253 6759
223 491 5504
349 589 5685
325 380 8332
69 304 7874
94 219 6871
143 471 2724
49 510 5100
273 584 8345
202 578 3541
110 548 9078
305 563 4334
222 606 9309
236 556 925
274 486 9560
223 462 7588
463 500 1683
79 579 4599
196 375 2299
236 637 7385
257 523 1850
59 86 3771
163 451 2099
107 296 8135
97 542 1666
87 115 677
138 234 5306
216 582 2737
180 273 2242
412 560 3228
195 603 6164
13 593 5451
430 480 2359
93 625 5988
194 602 9786
459 473 6395
208 277 3829
360 524 7783
193 549 9313
50 302 674
565 635 2463
224 366 3983
386 594 888
85 509 7185
25 547 6910
606 608 5271
18 309 499
169 335 1253
307 479 2668
267 495 7301
217 247 3281
217 465 9684
290 425 3458
21 605 7992
290 318 3892
305 396 979
230 547 4150
489 506 216
140 329 5950
503 595 7729
145 385 8263
207 218 1278
176 612 708
126 336 5121
92 426 9963
30 172 1440
1 388 4040
582 594 4652
170 502 6972
116 297 7703
250 442 5997
281 394 6673
222 339 4378
75 119 7683
160 176 8005
19 293 7851
433 588 7316
59 134 8328
289 542 4803
128 598 2005
182 563 9667
345 589 7833
47 100 8547
20 326 6935
241 529 6864
160 495 3519
74 437 1886
40 518 7785
177 214 1266
460 554 7279
30 88 28
408 418 7899
590 592 4967
184 464 9103
286 479 1197
239 372 1143
59 116 5422
248 298 4185
108 360 7294
47 434 1403
345 606 9022
205 565 5329
179 390 7606
67 596 2684
107 268 4034
31 92 4144
309 333 7908
59 225 7764
157 397 9809
324 394 196
63 633 6137
282 394 3559
33 483 703
138 450 2264
268 436 9091
296 543 667
52 354 7989
290 439 5491
343 357 5751
199 244 6549
363 497 8072
131 173 4100
75 182 4367
40 476 7630
22 93 6139
113 591 4118
169 635 1428
191 394 8484
409 556 480
37 261 723
470 597 5608
71 447 3235
410 575 700
148 308 5642
64 341 1789
107 635 1936
26 338 5345
235 454 5152
5 250 3558
402 438 2070
327 562 6554
166 306 1755
375 507 2292
449 516 4682
219 310 9375
530 595 5912
77 162 2344
353 425 4959
207 258 4914
102 329 6088
193 360 3648
387 616 1915
106 634 3847
181 447 9019
280 525 4299
275 484 782
503 622 1556
73 87 9277
147 178 8569
101 523 7571
289 367 5214
70 396 4000
62 166 1907
608 627 9136
318 391 4845
160 215 5
336 448 5044
246 324 8524
149 198 499
131 380 1264
329 622 8920
42 577 1506
372 464 5153
452 563 5836
168 265 2489
62 164 6981
151 378 9777
47 461 4411
357 395 5850
220 362 3814
357 459 5141
502 605 829
196 372 4656
486 540 9193
331 410 8831
136 400 3720
431 488 7217
474 529 4878
212 299 8150
69 574 143
124 305 7561
3 164 7464
155 479 9929
515 544 3889
384 473 1286
384 500 2620
339 375 1599
172 566 3079
116 273 4670
365 519 5376
488 604 3701
373 590 6357
181 582 2594
330 540 5616
328 433 4823
136 314 6140
369 638 9296
25 67 5092
146 215 5500
293 365 5948
14 536 9911
1 384 1340
328 550 3572
252 511 5144
406 450 8267
151 476 3038
276 448 2404
184 288 4848
109 121 9411
261 441 7949
108 233 6819
147 164 9003
352 601 6460
47 221 954
491 573 660
571 624 2114
464 486 9146
339 607 1640
159 396 3320
177 205 8049
229 501 4870
301 523 5158
43 456 8513
288 558 1928
34 388 7606
182 352 7088
16 277 9021
81 266 3121
112 633 2601
370 534 7559
169 455 5831
12 226 6324
352 507 252
339 585 892
187 393 7998
578 585 5278
241 598 6483
515 621 1019
359 360 4627
397 583 9346
113 214 48
243 306 8171
66 281 9114
128 175 2110
63 237 262
17 43 2218
181 613 1046
546 636 2265
117 302 3326
78 408 533
376 507 8002
315 501 147
269 521 5305
143 186 866
3 183 8780
33 576 4363
190 520 473
119 312 4918
158 168 6904
407 499 5665
333 590 6507
75 278 6463
6 266 1045
82 412 5557
60 109 9272
344 452 1645
402 579 7065
20 366 5729
66 537 4281
74 611 3279
20 269 8580
3 427 5064
32 188 2850
124 637 1629
162 284 3723
123 208 3488
106 489 7453
103 120 9384
413 610 1929
203 612 6919
270 498 6919
32 605 7687
71 317 3963
159 361 1809
323 432 7108
383 421 8091
347 485 5952
23 286 7571
354 617 7466
294 363 8433
264 601 9413
179 365 1231
512 588 4615
120 586 5354
182 512 7533
84 497 5371
15 584 4489
392 481 3576
124 567 6671
327 361 8406
267 420 6024
327 599 3769
97 593 5689
484 594 3056
349 613 6469
200 206 3235
453 487 40
93 343 6235
71 253 6167
5 23 1226
156 494 7606
203 282 5200
417 611 6053
72 108 8941
135 565 2069
414 579 3431
20 540 51
147 499 6575
96 261 7384
153 308 5078
17 425 7387
60 443 7367
56 639 7952
26 358 9533
217 550 3552
109 150 3861
393 626 6529
278 452 9332
189 504 2945
181 518 2343
369 516 1467
149 284 1359
368 490 4957
31 490 8874
448 510 9448
608 634 2000
514 631 1043
316 540 638
335 443 8296
387 565 267
278 513 283
372 483 2260
10 590 7574
79 632 8994
361 618 8336
86 425 8242
259 435 7452
89 136 7057
583 601 7887
144 365 531
284 439 9568
66 172 5435
160 306 9575
481 583 1235
1 43 6300
295 540 2453
98 540 4393
465 562 1330
222 447 3574
78 600 9890
289 513 6264
135 152 7053
122 364 9177
366 392 6498
322 472 957
117 507 5821
426 542 7164
303 456 9524
309 627 9603
265 382 2126
375 425 1461
212 485 9321
72 382 4120
127 189 1756
382 629 6519
308 462 3021
141 595 1299
258 314 5164
119 251 8663
367 463 7135
47 607 5417
314 317 3107
548 590 9267
28 386 1661
15 338 1747
118 216 65
40 522 6616
92 122 6055
144 618 3365
47 142 1125
54 411 5137
171 446 996
462 559 9121
35 115 1216
253 319 1485
139 485 673
182 185 2254
46 572 8908
170 635 120
109 607 4676
79 353 2913
118 597 3607
203 335 1467
317 371 7733
127 278 7012
86 515 2898
357 583 2450
367 528 179
16 147 683
237 406 6540
171 236 873
179 372 2290
146 340 3533
49 598 4798
261 307 1282
142 306 2926
20 87 1727
569 618 9410
368 403 1510
180 517 6581
247 543 1616
563 586 2920
361 452 3994
265 563 8468
286 450 4913
433 498 374
110 562 96
318 502 7157
130 142 506
53 519 7230
502 575 7700
28 199 5422
443 470 1970
285 336 6865
73 231 2543
157 595 4031
30 270 8007
254 277 424
54 385 4670
93 245 2086
432 543 7645
225 309 2836
344 599 3549
191 457 3049
183 249 8934
9 124 952
134 523 9797
71 455 6325
245 354 9994
443 456 7446
425 592 9878
144 235 5218
203 587 2939
91 486 7168
286 446 1449
47 305 9324
260 535 6979
75 101 6303
100 487 2042
379 436 6357
281 614 5470
51 89 932
331 407 2240
343 557 6105
90 450 3407
41 362 7185
156 366 2705
49 140 3059
259 428 2903
102 593 3892
583 599 6182
141 514 205
451 516 244
110 624 124
116 231 8480
305 432 6965
278 281 5658
159 610 7510
102 547 5515
23 39 7513
439 563 9820
140 573 9712
40 79 9817
355 604 6800
67 251 3353
168 478 363
85 463 3782
3 502 5545
286 402 9641
203 460 5834
6 322 6967
101 365 274
463 484 9304
414 596 8800
127 153 9961
386 555 9509
275 359 2334
11 440 9917
19 443 8335
103 172 9605
32 568 7925
394 442 8253
4 45 705
146 470 9331
328 485 7157
107 527 1794
424 529 4813
61 210 4060
140 393 176
147 252 8232
18 549 6397
59 311 6184
195 412 3274
272 434 3805
163 358 3159
25 45 6279
143 252 4612
178 241 6581
522 568 4975
149 443 877
183 500 3814
224 503 7694
374 523 2062
330 482 2285
259 569 1849
521 583 7810
134 225 8503
29 330 55
416 537 186
114 538 5974
293 604 7194
88 284 9624
300 344 1580
56 167 7046
1 83 8616
49 334 5518
85 456 3235
65 292 5061
295 429 5749
602 638 2719
257 459 2108
162 617 7375
159 439 1675
247 496 8320
262 373 4856
231 259 8232
39 149 975
17 113 5095
123 560 8756
147 546 388
50 261 9402
53 407 2515
369 442 992
300 356 8815
83 166 7837
237 304 7990
146 506 9417
210 253 7706
545 586 5340
198 621 4692
390 522 2666
212 623 2239
373 550 2529
318 422 2192
153 553 2090
82 211 9661
187 277 7113
242 335 4710
475 487 4381
245 614 5927
421 462 6374
133 282 1775
101 107 5112
268 271 7167
166 173 4285
119 436 6637
224 585 479
257 441 8387
39 298 1423
44 625 8349
92 363 9008
78 482 3081
395 510 4435
100 459 9301
244 354 5227
325 634 2197
357 463 2974
203 272 9254
424 598 9922
318 469 9410
385 597 8349
522 545 2040
99 455 3216
229 552 2981
91 605 9066
307 464 9386
501 621 6175
89 402 1956
35 488 9135
6 326 427
424 494 6403
93 427 1037
272 366 1192
375 462 9502
251 475 5473
316 435 6584
118 459 7416
208 473 9277
262 332 552
449 544 5542
269 318 1129
423 443 8131
137 274 4311
78 368 7900
330 388 3975
386 598 6491
11 38 8808
55 309 3429
334 630 5143
326 557 9139
19 517 7584
191 453 2898
277 309 8230
20 22 2100
567 576 7146
115 442 7790
423 574 6261
446 485 376
50 444 7267
127 262 9288
131 441 4161
9 191 400
237 619 8844
68 285 6050
201 438 5333
344 585 2477
415 419 4386
104 299 279
561 599 9768
319 369 8132
4 89 1402
1 8 1772
266 463 448
485 516 2398
365 469 1078
128 467 9007
548 582 6737
137 499 9308
133 229 914
23 449 9778
145 187 5140
66 481 3912
172 568 5030
129 415 5354
84 159 2951
329 575 9519
67 577 3160
342 448 342
45 411 8528
207 227 7509
2 491 1145
20 168 6862
234 475 9795
314 387 7893
529 586 4759
202 278 5269
34 618 8803
540 616 9735
15 577 5190
469 550 5917
514 600 414
151 176 1957
197 396 7566
110 268 9764
47 378 529
139 454 4058
113 229 2654
16 502 2071
189 206 1093
118 572 7905
591 624 7375
539 590 5614
423 441 196
329 332 7419
470 534 1663
347 480 552
189 573 9819
92 581 615
126 371 3016
406 444 4397
343 496 4674
126 312 5398
402 584 5798
309 418 8045
143 577 348
33 208 6579
549 618 1815
165 373 2727
164 383 1932
554 599 6732
325 565 1977
171 562 8106
95 311 7027
169 582 9917
278 382 6648
58 299 330
4 521 6821
244 535 373
43 372 1539
49 445 413
51 158 6384
164 553 9190
65 168 1748
371 522 4849
47 254 9383
90 530 2428
211 331 432
154 313 2520
26 579 4195
401 514 9369
251 636 2595
352 625 4802
512 525 4266
113 397 7989
66 244 325
192 447 5836
226 401 1113
92 148 9860
435 529 5420
123 560 568
429 615 858
480 598 7314
201 487 4238
135 590 6000
135 386 3893
360 477 3005
347 404 8039
282 287 3491
25 298 2396
159 375 5169
378 411 6551
100 354 6996
431 462 6193
208 589 7304
561 565 8436
87 507 6367
162 205 7371
300 507 1255
259 268 1640
215 298 1057
170 344 9677
72 511 89
169 366 3503
95 105 9691
70 333 9881
143 216 6283
151 347 5879
167 402 4605
5 296 6496
482 547 3397
127 458 8635
113 467 9483
243 433 6344
156 592 6592
9 447 3517
569 573 9704
144 565 1570
32 374 5215
106 465 9730
33 164 2405
447 452 4810
258 552 8511
416 536 279
296 415 8394
155 258 6917
134 145 5882
321 414 5575
133 260 6596
461 587 3569
578 594 5598
179 408 3520
69 368 5484
330 534 3057
69 156 2321
157 362 917
138 574 6201
266 412 664
349 373 4953
204 529 28
289 551 3914
140 474 4621
169 618 4470
389 542 5634
232 473 5180
28 634 7930
6 122 9128
187 340 3993
32 560 1778
264 633 3195
268 357 5698
454 518 2923
517 592 9779
491 596 4954
54 391 4056
187 344 9144
73 511 1416
585 607 9560
83 202 5838
250 335 6412
137 302 3691
248 356 2294
232 296 7588
173 345 9194
111 298 6771
136 639 488
119 282 3873
33 231 8202
276 309 59
91 136 7282
394 636 8445
619 622 5513
57 136 6014
8 129 2151
474 480 415
473 590 7820
308 438 8223
265 381 486
369 424 7384
196 415 37
146 448 368
243 466 1045
334 447 5594
236 595 7362
180 483 5069
15 367 9718
372 573 410
119 271 7378
331 347 3427
284 584 2953
176 230 6047
300 592 9425
385 536 7053
123 243 5993
135 326 3238
266 599 2059
506 620 446
169 546 3694
229 394 2721
141 366 8908
454 590 2834
366 429 5174
184 265 8943
72 293 172
173 294 1897
427 468 2803
52 113 7302
282 586 8481
147 216 9783
16 62 1116
189 522 231
113 422 5125
449 590 8641
234 378 5851
138 221 7651
450 583 1990
249 599 2581
239 600 5931
276 344 9637
330 361 6456
84 555 2695
65 144 3738
452 453 2218
397 525 2034
138 264 4358
168 272 9086
299 347 6098
206 313 5951
429 604 8209
33 349 1246
77 485 9080
151 324 5356
103 345 3927
229 376 4898
349 448 8023
175 207 0
17 252 7185
375 448 2409
361 512 6750
106 211 4758
503 542 1024
110 240 9118
153 556 7966
219 498 9972
17 619 3743
134 421 6823
34 267 8459
308 547 6914
76 391 732
22 336 1013
109 426 6117
108 625 5528
133 288 7809
249 548 1665
71 405 2819
175 185 3568
146 618 5614
218 572 2176
261 319 5645
59 327 284
249 612 7340
262 481 6243
21 73 8674
425 498 6065
301 607 1636
392 547 5939
253 268 9303
191 362 5713
39 502 3665
214 536 506
489 519 5258
129 381 408
130 232 5726
101 542 1153
209 496 8421
179 565 1174
109 137 7130
95 594 5286
370 403 8554
177 361 7128
15 578 3291
184 528 8829
190 631 715
37 180 4496
436 602 6486
148 290 575
225 254 6870
516 527 3249
139 456 6257
100 461 1157
58 272 3544
87 569 7701
235 356 1731
176 638 897
109 384 687
60 78 7406
276 381 264
25 544 6315
84 390 3058
217 424 7458
183 263 5430
354 600 9520
560 563 1118
182 453 2932
198 441 4984
292 511 6904
91 362 1841
369 535 7364
247 455 6677
416 577 9686
16 288 4365
152 380 7495
59 432 252
440 588 4319
32 269 172
51 80 8140
374 449 4242
167 317 9457
482 607 8967
160 410 3995
359 632 857
104 445 5685
97 259 4940
49 409 13
96 112 7670
64 349 5978
343 477 2625
330 597 5344
322 484 5845
360 521 9523
80 275 8056
219 581 7468
227 363 5430
163 553 8307
66 182 1877
475 611 6527
328 393 4761
151 438 6473
20 225 8720
471 510 1081
504 541 9704
344 421 2136
523 621 1655
19 37 7846
33 135 3432
337 575 8369
390 411 9562
477 601 2994
297 535 9896
74 509 2369
191 467 2582
283 379 4177
26 110 1226
284 581 3555
73 529 6785
228 325 1962
94 298 2284
210 254 2870
19 599 2484
195 330 4144
185 303 7281
278 462 4902
14 439 4624
435 491 8553
143 297 4310
96 373 2589
6 423 8030
263 636 7449
89 150 8982
458 586 5728
161 200 8324
249 286 2396
305 461 6523
389 562 1055
184 391 1442
61 443 7430
61 463 103
293 358 9036
132 326 7660
81 207 4411
186 319 9351
332 462 2198
92 391 3633
430 613 5538
177 192 5016
214 242 8713
80 99 6061
65 523 312
163 474 964
28 146 7017
153 504 6873
256 270 6276
233 309 4342
16 564 8174
441 472 1562
251 327 3187
106 603 5638
585 627 7069
490 517 3331
251 560 5717
307 399 302
469 623 5106
160 327 5883
256 495 9372
1 188 3850
172 293 3520
54 127 7648
237 543 4347
420 479 8102
103 498 5532
157 347 8284
79 192 531
211 565 1323
403 432 6120
129 242 9059
193 546 1832
304 378 9019
159 201 9802
202 574 5587
268 423 3927
232 249 5545
215 624 9483
381 625 1262
624 624 3880
247 470 7859
250 400 3494
276 574 7950
214 633 3459
155 483 6562
3 54 551
304 557 4826
43 454 2344
45 447 9495
38 444 1814
130 406 8375
14 387 8145
209 433 171
532 568 5046
476 625 2585
214 403 6863
6 82 8943
86 342 5119
34 212 6665
51 205 882
226 348 6178
554 583 6717
81 255 8896
201 246 2998
283 559 9619
492 614 8547
47 216 9366
323 520 1245
239 393 7067
177 345 5597
24 297 3634
342 606 4700
191 231 3841
82 565 8400
487 600 3977
243 265 240
212 223 7715
552 638 2695
19 276 4835
360 501 13
195 526 235
378 432 3360
202 440 8120
32 371 2744
248 550 8473
8 29 5625
314 623 2335
130 498 4313
32 353 5094
209 503 6173
97 268 3369
40 400 8142
465 525 8046
145 482 9576
247 579 9902
20 546 3422
29 106 955
439 621 8356
50 89 6557
78 553 936
316 548 8206
576 606 8695
10 291 2136
225 245 6405
291 323 6826
131 425 1172
283 563 8154
370 524 7022
44 550 398
133 228 3179
418 572 646
28 506 3116
259 422 2556
37 93 2266
216 614 4944
313 431 8046
526 580 6948
36 303 1154
293 491 2236
107 368 9721
219 410 6566
108 571 2805
112 296 3763
244 255 874
19 548 8244
