286
46 19 21 97 75 76 57 64 94 25 73 25 4 12 68 99 36 60 82 6 61 72 95 15 38 56 49 7 18 5 84 67 40 53 100 1 60 19 56 78 66 72 37 57 39 65 85 98 72 2 8 52 11 30 15 34 56 68 33 84 15 16 0 73 88 26 62 59 94 7 12 64 76 37 83 29 41 10 29 96 91 72 84 80 72 49 85 40 78 38 38 39 23 37 74 90 4 41 87 80 61 45 70 88 12 100 86 12 67 46 52 6 14 80 68 1 30 52 26 83 48 100 80 43 31 16 1 44 93 57 63 66 45 97 77 23 3 48 73 30 4 14 51 25 79 38 83 63 85 4 74 1 92 30 68 20 94 54 26 57 3 79 64 96 65 26 58 93 94 8 22 26 32 17 98 79 70 68 43 93 5 4 73 81 4 64 10 57 97 58 29 84 35 95 74 99 10 2 44 63 10 71 33 52 33 29 76 43 53 86 76 35 27 73 93 26 54 62 1 83 36 82 95 36 50 6 2 33 9 14 27 47 43 3 42 69 9 99 58 18 72 94 49 43 59 67 21 29 85 55 80 79 94 35 54 26 96 94 18 45 34 30 80 11 62 90 76 12 99 28 48 14 61 19 80 36 98 31 49 97 89 65 47 83 89 71 
2269
97 129 7022
24 43 8255
178 270 727
33 259 7003
100 224 9325
133 258 7864
104 123 5055
97 126 2050
8 137 2302
180 222 6696
224 271 7953
107 170 4090
198 219 7098
8 286 3147
84 119 3852
43 139 9220
221 268 7596
197 228 1457
132 234 7178
6 98 3858
36 40 2906
6 45 9382
186 223 137
9 267 6991
23 114 1328
170 192 2202
194 206 1477
129 284 9416
98 232 5431
1 136 2194
40 57 3828
165 236 5510
215 231 3774
65 103 1767
175 217 2014
145 255 2368
133 268 9479
116 145 3019
71 179 9109
119 278 9731
119 256 3175
195 282 6328
179 259 8757
7 79 887
8 227 2239
25 76 9427
101 152 6011
151 218 1792
75 82 2626
24 197 5895
155 253 4605
82 145 1419
6 138 9397
27 47 9043
47 93 799
125 211 6567
163 245 4963
8 55 7279
101 157 7025
23 24 1368
52 142 1204
187 208 4157
7 260 3772
53 237 4730
124 269 7047
53 57 9605
248 264 6375
18 150 8042
130 278 8196
175 249 9306
91 136 6743
104 277 7149
5 108 9646
34 81 940
78 207 7580
121 278 8295
137 271 1509
70 77 3193
23 131 1695
10 16 594
175 267 9832
67 130 8008
49 129 3769
105 126 1493
79 209 4250
139 154 3471
39 242 1398
148 268 8913
23 23 7288
38 154 4629
41 203 834
166 178 2091
34 202 8433
10 39 1351
58 163 3058
148 231 4724
229 244 7134
244 248 104
50 107 9520
178 249 4823
58 116 9503
5 166 316
75 257 1305
116 157 9791
174 230 467
195 212 7744
163 208 373
64 120 9018
183 218 6400
39 82 2996
67 224 7089
116 216 9758
64 133 2928
109 165 8130
40 264 1913
115 243 1664
166 192 6095
253 266 1667
147 174 4731
225 272 3597
17 97 975
47 180 6045
120 129 1881
158 187 7399
139 208 4915
18 73 1720
65 67 4966
155 176 1493
40 165 4986
94 198 7302
158 270 2022
116 237 1281
107 232 2531
82 93 1589
218 281 5371
235 250 7604
115 223 8298
148 250 2665
3 199 2418
20 115 1958
165 219 8544
112 232 571
106 250 128
170 232 9240
3 263 4348
160 193 9916
32 156 7574
122 232 9575
102 155 5309
10 147 6742
166 203 8932
76 121 4874
72 95 4368
16 94 4610
37 135 5532
105 126 4571
59 212 6028
213 239 4795
100 209 5952
68 130 6471
61 104 8492
142 201 4655
99 117 6413
97 169 1080
9 66 5816
139 266 6728
37 272 3781
48 257 3758
218 254 8051
166 183 2922
177 203 5935
75 173 9494
113 186 4368
74 138 4421
227 280 4860
15 234 7112
162 226 4791
154 180 4144
82 215 4771
3 8 556
131 175 7378
83 147 8501
94 123 1568
108 223 2500
6 76 1583
92 147 5635
79 219 5570
88 238 4317
15 57 9255
13 41 1458
19 234 9547
121 211 4931
14 110 2825
137 272 8983
93 119 4419
166 188 8131
175 258 5197
11 233 4739
179 255 8154
96 240 4919
138 232 7350
185 264 1667
32 56 6282
135 230 328
26 108 4212
9 235 1606
58 271 6128
110 258 4448
225 260 4739
214 275 9518
100 251 1615
8 278 8923
75 244 2793
84 204 5828
124 257 1445
47 133 3714
1 109 2221
176 203 9571
20 135 1080
10 271 8053
11 223 7890
224 243 8062
74 210 5287
95 99 9508
104 180 1163
82 89 5372
105 195 352
24 188 8652
10 82 6359
66 157 5362
49 153 8112
249 268 4667
193 262 2777
56 200 7115
62 109 8689
47 207 6227
6 187 8909
100 239 8579
76 264 5136
45 191 8858
82 275 7746
58 84 2846
68 70 5639
217 258 2078
27 208 6301
173 281 7777
241 242 1260
90 234 6240
70 266 155
211 281 6942
42 133 2111
107 219 9855
275 286 3017
15 122 2333
17 76 6012
139 243 3578
18 249 2477
140 262 2737
107 202 2705
91 95 8236
48 106 27
132 133 5415
132 187 3421
23 262 2316
94 133 6045
242 276 4314
44 222 2911
134 185 202
91 131 1205
57 65 3486
21 182 1466
213 222 7162
76 283 7207
163 255 7064
260 282 9650
67 214 9773
224 269 6973
97 123 8092
18 113 1063
19 144 5229
196 230 8905
122 170 2770
111 202 8906
66 168 1169
125 180 9638
202 244 6040
35 164 1420
203 219 6969
107 178 1739
19 42 5238
20 116 9446
52 104 3041
228 264 830
8 237 2225
26 197 253
56 205 6847
138 249 3010
41 119 8261
30 86 3697
139 208 9845
27 136 7097
5 180 3773
175 192 2922
12 48 6619
245 251 7411
141 276 5834
61 172 5070
188 284 4000
1 160 229
8 213 4602
5 126 1971
107 219 9988
60 123 1434
106 179 5627
11 17 4066
56 202 6213
10 284 8902
69 162 397
36 56 3064
111 190 923
36 125 4865
26 170 1788
114 153 4051
23 61 1957
39 207 840
60 270 7333
238 273 6625
99 182 1070
213 240 6126
77 82 6153
144 153 3039
24 97 4108
90 221 3086
48 158 9478
159 168 511
25 175 2827
168 264 7686
85 166 8067
24 135 8139
18 86 7513
21 168 9769
52 226 4649
145 232 8949
106 129 7120
13 46 6451
78 247 55
77 267 6460
152 228 4305
10 97 5789
13 282 7681
3 55 5176
36 92 279
5 196 4672
237 253 4852
97 252 2624
55 217 1386
11 152 2251
15 104 2130
19 179 8869
160 206 1680
135 278 9563
75 140 3955
118 161 7386
63 111 8801
26 223 2564
211 273 1127
63 183 1020
246 277 9757
65 149 468
55 267 1579
123 261 1440
62 91 9807
128 139 746
32 133 169
142 177 9600
51 281 4433
84 156 3095
97 107 5826
38 132 4440
143 155 1765
3 163 5652
4 230 3169
15 156 4770
240 279 2109
71 254 7597
77 129 3628
135 284 5501
55 95 4560
94 104 9244
267 268 8302
122 270 4684
47 167 9092
23 214 3512
75 116 336
40 248 7989
76 187 1999
160 170 9258
55 152 3669
75 246 5254
108 273 3673
191 216 2472
49 148 5030
166 181 458
110 240 9962
141 215 7683
73 113 7737
115 194 9343
205 251 1998
123 191 9144
27 216 7919
54 110 8469
23 148 6635
126 218 498
58 191 9676
45 94 413
261 282 2713
92 251 5149
11 137 9295
52 224 4700
73 141 1078
13 13 4068
40 221 5468
148 262 2188
38 133 9072
81 252 5824
96 272 7044
32 37 6361
144 181 5905
4 37 2590
5 28 7041
145 210 8655
4 191 142
120 195 5252
24 51 2503
34 123 5801
167 222 1073
144 237 9062
58 96 8343
59 182 9108
172 228 1777
259 260 3140
136 244 273
62 137 9598
182 270 4608
252 259 4497
142 274 9947
18 229 1010
32 67 5780
240 256 4276
79 171 3880
112 152 2076
74 128 5009
128 244 2780
174 247 5723
73 81 2619
152 262 1047
172 260 3865
42 229 7679
29 140 2092
91 193 9623
35 275 5766
214 256 82
7 37 8175
109 261 5744
95 219 650
7 28 5801
26 197 8780
4 69 6276
145 267 6268
196 238 611
162 227 2716
19 140 3394
80 272 4448
126 282 9205
227 269 4115
150 199 1593
284 286 2284
156 196 4313
136 154 7962
147 229 7070
92 129 6569
86 167 9181
36 38 8006
59 262 4007
38 79 7537
110 196 3597
53 55 7009
46 88 4290
61 161 323
12 133 2993
11 102 8434
92 194 369
151 252 4371
18 31 1304
203 280 9241
32 174 7859
161 222 9517
43 55 7373
191 274 447
29 46 9954
15 88 9783
194 239 9006
25 274 5750
167 273 7074
181 274 4319
11 58 8450
60 137 9499
173 182 6631
157 178 4245
53 217 4295
87 153 3270
149 215 9182
23 150 436
97 232 4007
160 277 2522
54 63 4459
132 132 5865
61 274 4237
88 221 7675
78 218 2260
61 218 4153
13 188 9377
2 238 6975
126 193 6817
71 91 7438
117 224 5068
63 260 9533
63 225 2943
55 155 1525
150 179 788
131 136 3002
52 237 3158
80 210 5544
189 227 7254
204 251 9297
3 72 8365
24 28 5724
85 197 5314
66 207 9113
79 106 4850
33 202 3312
28 168 183
64 262 6887
69 272 3722
132 179 7957
108 214 1250
38 89 4429
91 193 9653
36 105 7046
176 185 5185
10 65 1063
94 184 5755
177 273 6119
58 118 2085
165 214 8048
115 120 5894
114 170 8779
122 154 5129
249 264 8954
78 122 7395
65 274 5085
168 285 9893
105 262 9556
91 142 6530
49 113 4571
95 174 318
106 127 9581
39 279 954
62 248 9531
193 242 8661
121 268 1505
71 209 3365
50 127 7148
105 120 5449
100 204 5502
212 266 4193
202 258 9863
225 226 5091
61 181 4992
182 209 9036
217 284 2936
124 259 7972
71 180 1083
209 227 296
64 114 1111
24 104 8764
77 104 8354
23 108 2131
4 50 745
125 282 9317
246 261 7329
48 185 2857
79 283 5121
81 191 6945
6 236 3143
226 283 6941
13 61 8035
247 265 5175
77 259 6636
203 237 1358
104 179 2677
54 72 2094
106 147 5743
179 187 3828
94 98 38
84 203 7652
43 94 9137
126 204 9924
31 272 778
80 170 5553
2 258 5331
134 180 8208
63 211 2696
198 269 5050
173 281 2420
107 143 2025
94 138 4569
15 120 3412
100 271 2653
67 241 4807
2 148 7205
54 153 902
86 134 7297
161 262 5303
1 242 3261
36 64 3647
37 137 7938
126 239 4987
155 205 1498
199 232 6532
134 227 2807
41 126 1879
21 210 3562
89 101 9470
40 265 664
6 175 704
127 173 9740
109 135 776
78 212 7874
88 117 7881
146 229 2819
76 242 8163
99 205 8019
22 39 1813
19 233 788
71 182 4956
140 197 9883
245 247 6161
20 184 3390
24 187 385
95 241 4727
18 179 559
232 283 5645
60 261 6290
18 143 1137
64 284 968
44 93 1916
213 229 8644
93 237 6481
116 280 6159
177 191 4567
102 227 8592
65 113 999
138 195 1613
34 62 8885
89 107 1140
109 264 1969
98 147 3567
224 236 2337
29 227 5480
205 272 8712
112 177 4621
76 263 6676
160 201 6592
132 144 8233
201 211 8481
76 225 4354
98 283 6410
56 111 5955
35 165 5642
190 197 1141
31 184 3041
149 182 7462
25 111 7642
77 191 6016
56 63 2837
220 264 6332
33 87 3819
122 155 4165
10 67 347
56 195 4146
88 233 5927
13 174 2929
88 266 6451
184 211 3838
99 179 2821
180 199 1710
148 214 5176
102 242 1415
10 166 657
107 200 2997
13 260 7545
52 87 8133
96 147 5247
67 176 2089
256 279 8656
2 215 5847
71 165 3394
103 177 7249
126 175 3705
130 272 1293
56 66 9604
112 234 6749
47 101 3948
143 220 7531
210 254 1157
24 59 9464
31 67 7607
98 163 6386
68 108 0
187 278 9752
45 49 7681
114 179 6372
15 83 5709
29 100 595
36 148 5944
22 199 1551
48 255 1382
101 221 4718
162 269 7521
33 88 9760
25 171 5112
16 274 3168
26 154 2537
21 241 7085
42 74 1415
257 269 872
31 169 2161
30 261 7183
25 222 4968
2 232 5052
66 133 6307
133 167 8745
144 268 4218
87 112 7513
48 84 5249
100 159 2068
122 219 6073
85 209 8277
30 281 3953
32 268 4715
107 249 4159
124 196 7351
82 149 3211
199 275 3616
14 75 7826
207 249 3448
60 171 5036
5 273 8578
38 199 5742
56 234 2970
92 215 4172
34 78 9503
63 160 6466
131 202 9617
77 125 8579
191 246 6386
57 227 5709
35 252 291
11 36 2045
198 210 6250
228 274 5638
34 127 1947
138 280 9485
79 91 8058
78 251 4525
124 210 5078
170 241 4132
83 266 2139
72 113 3112
196 222 3665
251 274 2027
117 198 3097
253 259 7732
77 218 4142
170 254 419
40 285 1617
40 254 4718
57 256 204
61 279 5384
248 268 2562
123 180 7042
57 254 9277
85 189 4586
98 178 4316
220 272 3954
9 10 1962
129 136 9665
100 230 3252
21 105 1062
25 276 7979
47 167 3330
223 270 8264
47 55 1170
100 207 2941
21 200 5925
156 230 195
68 162 7913
1 32 7782
132 216 5541
5 115 3217
13 64 2566
170 249 9435
107 229 7878
232 255 878
75 250 2099
118 197 9073
68 273 4911
28 131 9958
62 207 50
11 218 8572
154 277 9232
109 259 7109
143 173 3518
168 273 8994
130 215 444
114 261 9529
78 188 836
102 195 3599
195 265 8118
7 228 7100
137 258 5912
108 251 1729
148 162 7751
155 171 2745
106 262 5417
167 269 8812
103 285 1559
191 233 6567
163 243 7172
43 148 91
20 35 3734
55 126 201
145 262 6455
115 160 200
46 138 7159
2 32 3655
4 31 3888
208 285 2814
188 215 9472
52 207 2286
1 167 4172
83 276 3424
157 160 3400
136 195 5018
91 128 6906
84 96 5559
112 175 1544
69 274 657
13 250 2681
3 86 2505
178 268 7438
231 254 7381
122 187 9007
25 176 5794
176 200 4212
113 274 2337
46 99 7082
145 218 7219
120 139 3369
56 93 1872
30 280 1717
182 198 5511
123 128 8487
3 182 8801
230 254 9905
78 133 1685
146 224 5919
81 124 3118
97 206 8560
213 222 2885
35 173 7491
71 132 5481
85 102 8239
15 102 4073
71 208 7879
120 159 3096
193 249 76
10 69 5083
147 213 9412
69 268 7146
63 116 6217
64 227 4673
60 107 8245
54 201 233
116 244 4707
52 232 6508
102 165 2733
68 86 3737
10 123 3031
185 255 9004
1 247 5853
5 174 9111
1 280 8876
108 174 6251
11 211 4455
79 136 7108
144 280 7055
278 278 365
205 267 6761
78 195 8016
68 245 1299
86 283 6746
217 255 8286
26 225 632
160 174 3816
74 123 6463
98 101 596
176 180 2197
85 120 9721
61 235 8313
266 283 1722
62 196 8535
62 76 5258
101 160 3784
197 227 7958
70 256 1488
180 241 1059
120 207 7273
48 217 531
161 255 8439
59 206 1326
81 279 9716
94 117 1090
45 213 1388
247 264 8899
109 223 6754
89 217 5376
162 284 2532
162 220 5594
138 246 5235
7 209 4889
23 66 2888
171 189 7140
20 101 3397
124 264 9477
10 237 6457
67 131 1780
49 83 6086
138 269 671
1 233 9239
21 259 1137
7 94 9662
5 27 9188
135 157 5892
242 273 8331
45 180 7278
61 127 5253
142 283 2160
82 114 9598
78 257 9406
145 263 8250
200 258 7201
123 202 9572
7 118 3153
176 280 9885
77 148 3246
114 126 449
109 115 2305
147 247 5569
244 268 448
16 213 4873
63 264 4477
42 251 1111
83 274 213
35 134 4751
220 276 7440
111 184 9363
143 233 5454
88 278 3666
13 130 9545
158 254 763
78 110 1010
7 211 4691
42 211 4263
118 131 8083
63 285 5418
28 240 9728
144 219 3257
194 211 2566
39 224 4271
100 137 6937
24 206 2536
87 151 8134
93 114 4243
213 250 5297
90 198 8834
38 159 4850
174 216 2693
154 222 5522
6 180 3257
11 217 7895
21 206 8104
222 254 8901
271 275 1299
131 182 8716
92 191 3029
26 53 5988
75 256 5985
138 259 30
168 234 2574
13 252 5070
17 30 4600
65 178 2707
120 272 6346
50 201 2485
82 263 6264
5 116 4234
101 283 3000
69 184 5759
5 274 1536
232 268 8650
71 173 2835
100 190 2551
54 190 6945
197 223 1299
25 167 1501
50 265 9185
76 93 1336
148 200 5769
43 271 3142
9 267 1315
6 249 9076
63 203 4409
180 238 8225
100 166 1698
33 252 3563
97 206 3760
31 65 356
130 142 7650
3 209 2953
197 252 5275
236 241 4913
8 259 4613
105 116 6936
39 190 2254
22 220 441
216 259 9164
176 263 7769
50 70 7866
50 259 782
198 225 480
121 190 4259
198 216 7438
240 276 3920
135 168 5992
195 253 3591
104 212 7465
166 257 979
171 176 967
147 268 4625
84 133 8897
140 218 849
80 193 9987
216 284 544
139 265 2801
29 258 3066
199 215 5423
37 220 6230
130 156 4207
47 105 8895
219 281 8758
12 57 348
5 186 3080
46 191 2463
96 280 9248
181 278 2216
24 129 3228
81 166 1832
108 139 5981
139 220 1421
53 210 5621
144 200 2104
124 227 5929
62 156 3102
98 201 9098
34 56 7928
147 255 9501
13 263 6299
210 235 595
45 170 4341
138 198 1754
14 37 6634
134 254 3414
53 118 5474
64 175 4234
184 205 8742
100 148 6764
196 238 6451
207 222 5677
30 40 2797
16 257 5959
76 246 2781
172 247 3865
19 280 5683
7 70 193
67 233 6964
129 158 3498
23 275 9866
11 99 5922
51 176 9213
168 178 9134
146 218 9695
69 80 1106
84 274 9153
71 137 4354
144 212 7776
122 225 7039
100 212 9831
40 143 2631
212 243 1798
18 238 9666
137 275 2039
224 233 1656
20 260 1232
52 146 5100
141 271 8565
68 127 5911
127 146 2168
86 148 1305
21 27 607
38 178 7853
4 50 4908
165 217 8023
79 182 1119
122 128 8440
94 96 9384
3 83 8260
21 30 9039
63 135 6418
161 249 6542
246 278 205
119 175 9997
119 224 942
47 165 8282
9 65 9478
105 107 3352
134 206 1275
103 231 9611
72 89 6032
50 275 960
46 66 182
152 215 6046
85 250 9596
52 151 7888
1 202 3406
224 283 3454
72 164 9595
40 106 63
27 251 8256
68 165 7652
120 228 4893
82 141 5067
34 268 1110
116 128 2639
114 189 391
109 212 4693
10 275 9756
167 270 4025
96 217 4223
219 276 63
76 261 7235
85 196 479
109 217 1542
32 164 3277
221 246 5807
174 177 2145
103 130 1242
65 241 6541
133 219 6978
6 125 5405
213 222 1381
65 93 9094
75 171 7161
148 155 916
120 254 7574
125 259 5402
109 173 1109
175 190 678
21 163 2731
26 118 3309
77 118 622
99 277 601
12 97 5098
7 38 9755
214 256 1269
105 188 4837
230 282 5798
12 68 1854
193 196 9415
238 251 1365
7 168 4633
105 194 5091
58 183 3414
50 180 7992
172 223 9387
124 161 8576
148 279 2181
133 286 3233
97 239 5772
126 160 7524
202 228 6735
32 239 4262
20 200 2038
45 197 6606
198 272 8673
102 219 1193
73 210 7265
113 261 8224
62 172 4511
3 38 6579
49 110 5903
216 245 5831
16 186 5893
17 64 3717
89 187 4129
58 90 4715
210 260 9440
208 267 9507
116 262 5137
19 279 3383
151 164 792
4 173 7908
138 244 1154
82 276 4091
140 172 3618
164 233 348
23 285 7270
92 276 9837
201 254 9086
152 191 2171
60 222 4161
56 122 6214
32 63 5729
125 261 2747
70 124 4694
3 88 2872
32 64 2947
163 254 4788
11 215 7106
152 245 3406
222 226 2245
95 255 5836
66 186 9372
104 168 5090
66 209 5425
109 246 2169
106 144 6725
69 271 4825
17 129 8476
39 61 614
95 110 2405
15 111 106
72 118 3170
173 262 7749
230 260 5187
31 238 4844
19 242 6493
66 146 475
221 224 7680
39 241 7558
92 212 7560
109 127 3628
119 239 6311
29 235 3204
63 235 4272
187 278 8124
23 89 4831
143 280 9726
78 267 9240
97 232 7672
200 278 5013
56 86 9100
171 226 5188
44 229 6031
179 260 4450
33 168 452
219 247 9903
40 168 5283
68 174 8016
211 286 3234
214 271 7055
86 87 812
221 271 9371
127 273 1715
136 219 1432
131 174 187
2 23 4823
55 64 4512
103 236 8545
85 229 109
59 159 5181
245 265 7966
37 74 9150
199 262 6395
94 229 4400
202 254 4993
73 207 5091
201 245 6593
61 253 4896
181 250 6229
102 129 6052
139 281 2890
52 212 8395
70 86 489
136 217 9014
5 263 9305
86 197 6363
163 282 1873
10 18 9957
13 161 5482
140 237 7308
112 257 4202
27 77 5526
82 148 8465
177 263 1933
11 27 9789
3 52 1693
41 117 9901
65 237 239
25 250 7512
8 269 8994
33 89 5647
111 164 7325
226 229 3290
135 205 2131
116 219 4816
97 157 9370
35 218 8663
95 245 596
29 35 362
91 280 5685
93 174 6988
59 189 5007
137 241 7984
129 226 7914
42 157 4679
70 185 8974
196 226 7681
85 272 7237
112 201 7625
198 243 2967
55 64 602
38 281 8549
167 271 6572
118 207 4376
2 70 8471
209 264 2480
107 162 2280
42 189 7052
55 248 3926
12 270 6030
163 214 3893
101 256 5137
94 239 4495
115 280 5748
2 203 5915
115 167 3951
82 151 7502
186 209 1073
164 189 2495
85 269 874
7 199 2639
78 101 5398
132 175 1204
26 234 6192
182 195 5912
255 262 7074
146 185 8712
215 261 7240
192 208 5330
31 140 5969
83 271 8671
59 214 5219
233 269 3336
76 203 7167
217 259 6930
54 162 8459
93 249 3279
18 179 9079
181 283 6333
14 237 5217
86 270 8052
92 103 2954
171 191 6997
112 284 2939
65 78 5626
194 228 2543
111 121 9655
202 206 4325
199 213 3297
78 177 1144
124 274 8842
167 203 3621
189 248 5310
65 248 9999
4 64 6025
19 260 9915
89 105 6591
11 152 6533
64 206 3916
42 283 6086
114 196 9634
148 249 6225
182 242 757
70 95 8939
104 154 3603
31 69 1289
38 264 2768
13 52 487
81 159 9333
74 131 9753
24 31 7534
80 158 1468
44 276 7828
139 225 2604
134 209 6264
3 48 8049
43 169 3750
117 248 1349
158 226 6812
156 285 9867
33 124 644
137 259 1681
120 217 4201
185 270 8177
182 213 337
127 139 4356
65 211 5100
175 256 9953
213 245 8368
140 216 6034
51 67 6708
185 283 5560
16 189 6351
47 251 8180
116 214 7465
9 67 9606
20 184 2935
123 245 5562
38 135 1225
115 200 6630
179 278 7908
28 159 2041
7 239 5314
265 267 3898
25 98 8764
95 174 7755
185 200 2380
76 261 9160
90 263 1826
25 94 3383
57 135 5994
253 257 3080
244 270 8360
135 137 5408
15 220 6759
6 137 2153
164 255 7895
116 175 2882
126 258 5530
90 224 633
34 286 9056
213 246 471
10 251 2105
78 135 8625
187 265 7605
173 286 9969
14 150 2409
110 261 2651
27 161 6261
79 215 6209
99 226 7431
50 81 5967
111 145 4252
141 171 8142
14 158 4051
33 52 6962
95 274 6595
216 233 6428
232 280 315
11 217 5649
25 35 1742
106 225 7802
36 266 9398
139 264 4304
154 200 8641
65 67 3827
10 81 6871
24 241 7841
42 71 4140
179 231 9053
143 176 4819
42 260 932
33 165 8590
7 266 2683
91 202 7938
99 122 2083
16 175 8451
30 177 6198
1 180 2083
180 221 2728
68 273 635
109 264 5592
242 266 7603
67 133 2329
175 207 2874
11 154 4537
161 188 3000
98 158 9827
11 25 1979
225 271 6999
81 110 8948
181 217 2634
79 183 7916
31 160 7668
143 223 5977
45 240 9275
163 203 5985
48 177 1285
64 258 763
26 191 9068
34 35 3433
16 162 9344
22 86 116
253 276 3305
223 244 2800
238 238 1953
103 183 651
160 172 5878
77 267 5329
73 127 1198
95 103 7512
66 131 5523
246 283 3518
20 147 3182
46 83 393
43 253 9854
115 286 9716
93 157 5302
102 149 4136
165 245 5650
197 273 2055
188 208 3102
42 211 8319
40 75 1287
57 73 4174
231 234 3400
10 50 4435
215 239 6215
28 260 6732
79 271 2485
4 86 1601
2 121 2380
4 151 3350
104 245 6248
32 43 7095
101 193 4346
2 218 5303
125 165 7220
3 15 1950
41 120 7415
111 253 5557
108 196 1020
144 271 1602
84 206 4010
55 96 3522
58 74 5897
17 264 5287
4 62 7328
31 46 1460
179 259 3206
19 175 1679
51 217 6235
73 148 5898
88 151 7787
199 233 7938
202 277 8611
148 228 6392
152 243 6127
160 273 9118
9 206 245
19 78 9001
125 279 6242
116 286 4546
69 111 1529
93 112 7865
110 223 276
24 106 6131
81 243 6783
68 147 8109
35 188 1494
160 194 898
236 265 9877
24 139 7096
49 222 9459
76 271 7360
106 131 6731
140 162 5332
23 30 1343
12 182 4280
9 120 474
122 173 7448
41 124 2435
36 76 480
20 265 8494
43 224 6205
150 259 4970
68 199 7511
27 275 9453
97 277 2483
65 187 5513
4 141 9551
1 14 9891
77 258 9675
117 124 6593
16 73 1217
171 196 3442
204 250 6056
95 179 968
175 222 6880
243 245 6640
133 252 8160
22 172 8303
168 232 3839
128 173 3177
1 187 3740
19 188 8950
29 189 9053
7 181 9832
75 170 2414
20 264 4459
101 225 2846
95 230 7262
107 263 6136
46 193 9673
94 238 3220
28 191 4355
120 262 9694
121 162 6191
163 246 6049
35 55 6501
20 205 1612
108 176 6432
2 200 4606
35 188 713
228 230 714
145 259 4407
161 209 9892
161 245 8987
80 111 2258
99 207 8788
43 131 761
92 274 4898
183 254 4301
73 137 9861
51 120 6615
17 61 8712
215 244 9295
6 264 2815
80 107 1112
230 243 302
46 85 1718
58 196 9036
31 70 2658
3 171 9603
108 158 1583
110 172 4230
35 261 5131
22 150 6992
34 88 8153
173 228 5967
165 251 4381
87 152 2332
238 260 5857
18 132 2956
81 268 8217
130 265 5721
90 190 2883
104 119 3855
126 262 5245
142 216 4650
40 122 8839
131 181 1166
53 224 774
106 197 3958
108 176 4451
82 135 7005
226 252 6378
152 225 704
21 93 3861
80 104 7163
170 172 4715
83 242 3970
3 74 2256
107 167 2299
11 260 1875
174 248 6673
131 276 8896
1 231 4115
25 78 2644
133 239 6774
116 166 461
145 234 1249
57 271 6955
45 98 8428
105 281 9281
210 238 2771
7 219 806
108 136 5526
114 212 1602
20 187 2258
78 207 591
14 123 339
80 224 9768
199 281 9640
36 162 3776
104 157 6786
5 237 2514
207 252 2019
30 210 7550
121 164 9544
42 151 6696
31 241 6080
133 245 6645
174 234 8665
103 286 8006
28 50 9302
26 37 9503
123 249 5823
260 263 2036
127 179 8608
99 170 7190
55 277 7634
26 210 4978
203 219 3177
239 259 6012
246 249 3533
133 241 9784
51 97 3309
21 85 8161
21 147 1250
135 273 7784
67 193 8665
182 267 2891
139 286 1274
40 60 546
272 284 1072
32 75 8412
44 277 5107
135 271 3002
33 168 9003
95 244 1422
245 268 8266
25 116 8384
185 271 2268
116 211 9646
46 153 788
94 122 8079
18 55 2816
59 147 1550
97 117 2254
64 113 1350
147 180 233
223 268 4287
56 120 981
12 49 7246
26 48 6504
35 282 3676
112 163 3114
125 258 4197
34 164 5116
6 82 5421
214 254 7980
20 171 3551
158 240 9852
165 286 5428
88 234 2921
9 233 9428
21 102 1102
199 222 5533
202 242 7300
31 172 8680
59 273 4300
118 284 107
70 125 4510
64 282 4936
112 212 1540
186 250 3455
62 150 462
140 150 9405
7 152 4267
203 209 7727
238 266 5730
192 259 1529
157 255 618
178 258 8904
34 226 3276
45 97 287
32 282 1418
158 172 9604
31 87 9947
35 130 596
46 57 4859
183 264 1725
264 274 7331
265 279 5974
17 280 5290
200 275 3912
149 187 4718
94 152 3358
51 242 6894
258 272 5250
11 173 6719
31 64 5610
131 161 4897
91 277 3680
6 177 8474
107 233 5307
15 42 8971
11 130 4823
120 135 9040
5 174 9301
259 275 3537
68 100 1410
101 209 7878
84 158 7226
147 226 8386
113 151 7359
2 52 2344
181 234 2070
36 200 4661
63 159 4445
117 185 7266
149 195 5377
132 250 4950
78 285 1603
42 176 2513
13 194 2258
86 276 7204
33 108 6930
260 284 2713
161 208 2232
92 283 2193
58 175 7111
214 251 5216
17 164 5312
120 264 5194
114 263 6828
30 139 4381
202 216 3522
141 260 2789
137 224 5915
63 261 5682
111 236 5719
76 279 3684
215 263 1894
71 167 450
77 139 2297
40 249 8745
22 170 2470
157 225 3290
36 255 4749
102 266 8329
4 248 7181
10 262 9270
183 275 2512
68 111 2278
219 239 5768
32 165 8047
109 282 7613
186 274 5341
71 247 8126
81 206 7571
37 235 6063
159 243 4401
61 168 4297
184 267 4269
163 245 4205
28 231 6025
19 260 5539
178 180 1474
67 188 7738
197 215 8063
199 260 3295
134 283 2451
193 248 619
19 223 2635
3 147 4670
98 262 3583
77 109 7588
277 279 7228
20 48 9458
115 193 3804
102 138 4830
100 161 613
63 154 9277
107 282 1940
42 244 2868
149 246 5555
1 14 6275
42 174 4891
118 263 7137
49 119 4087
85 205 1243
125 264 8648
45 132 3872
66 162 5419
29 223 2342
11 100 9660
145 285 3236
170 206 5165
41 118 4981
35 208 5171
88 279 4212
159 228 9140
31 252 1441
31 136 7350
81 256 3825
150 265 1882
93 118 9399
73 242 4838
168 236 5407
105 176 7483
10 146 7131
86 213 2542
175 258 1334
14 142 1816
32 98 4520
206 279 9392
61 193 9981
19 222 8958
177 270 3976
231 256 8768
74 166 6636
57 266 3321
25 286 3772
10 41 131
81 279 7229
111 211 5739
66 133 612
137 286 8859
50 62 5466
86 270 2096
128 205 241
6 241 3735
98 186 3510
231 281 3503
37 117 2246
242 274 9257
13 160 8485
132 175 4163
118 207 8499
263 265 3975
147 233 5985
12 242 5767
165 280 8803
36 265 4213
138 202 9889
243 275 8240
201 211 506
116 211 1795
188 263 3598
185 265 4414
85 165 4971
172 194 4724
176 264 6877
176 188 7683
31 236 7780
84 285 4799
207 210 2475
166 236 3937
224 224 7547
179 268 2397
150 181 1999
166 255 4606
39 154 4873
26 179 4982
147 179 8029
219 233 4669
103 122 6966
223 285 8718
65 139 213
66 214 7806
1 101 8645
33 157 5475
144 156 4172
33 190 9478
52 228 2438
139 154 6131
47 224 9963
4 226 930
82 261 1375
25 31 4256
33 162 6769
169 181 78
143 244 2070
83 157 5648
187 218 9523
105 266 1780
112 187 7714
8 236 6587
9 174 7670
206 241 5111
169 277 3853
52 100 8942
90 166 2967
28 253 6831
3 246 429
166 175 2280
22 81 5041
170 210 7109
171 248 6219
111 227 8020
2 186 7508
166 185 6753
96 155 6540
92 223 3536
50 280 2927
182 273 1661
118 167 5249
64 129 3515
44 74 2774
194 228 2997
4 249 9214
118 151 7143
132 149 3022
11 220 8123
86 265 4682
17 252 4092
72 104 3993
47 100 4525
92 285 9576
18 50 5032
86 276 4839
118 139 5920
32 97 9462
55 194 8810
43 237 8320
35 75 4593
101 211 3185
150 224 323
102 150 6358
37 149 7051
55 154 3426
172 205 9484
58 198 3920
98 250 8618
31 175 4282
26 173 7841
179 242 4172
202 205 5529
128 150 3307
31 186 4851
175 213 9973
85 133 5829
57 194 4924
151 239 7305
5 247 6510
57 281 5310
98 121 9767
124 133 9626
17 276 8500
83 189 6624
41 124 128
235 270 9332
36 49 9904
216 285 6877
189 270 8411
65 70 3109
1 134 9642
238 261 5884
166 192 2843
18 74 2864
240 250 3349
178 226 5029
84 91 2297
156 217 5584
31 52 4412
87 124 8112
195 229 6746
152 206 9772
70 244 6423
54 102 6457
142 253 4834
130 183 5956
257 278 4077
141 192 9135
31 242 7443
31 77 1028
125 222 5503
260 271 5155
110 211 8381
133 259 1876
39 178 1573
69 87 8285
59 163 2631
191 254 9763
26 168 5888
123 157 855
147 152 6009
191 247 8181
109 226 4779
28 136 2616
208 240 346
122 174 5186
164 237 7005
143 208 6225
11 138 1200
32 40 2810
37 114 6001
276 284 4451
182 220 3424
59 194 4646
117 196 7148
183 231 7710
50 136 1584
37 50 2129
68 114 8221
64 255 768
50 87 242
172 204 265
158 234 8607
44 192 949
97 173 1970
143 275 7515
26 58 7727
121 269 3614
36 240 6319
8 263 1481
66 113 489
66 120 8504
15 175 6138
176 262 4577
22 215 4124
59 157 6208
26 107 4178
85 102 7356
211 230 1473
55 275 1296
171 268 2160
21 151 3954
205 237 1121
188 238 4355
208 252 6693
238 254 3067
91 154 3579
19 132 1482
27 237 4121
8 185 3815
38 74 2611
66 166 4371
131 226 5735
16 75 7839
131 231 3263
84 243 4058
19 20 3735
78 232 6696
223 270 5743
186 221 2965
135 182 2064
273 278 2460
196 238 5505
114 152 3643
34 250 3786
55 190 7320
21 74 8783
10 68 9387
131 137 8642
21 146 9149
102 219 4097
76 238 3760
171 196 9630
150 152 8911
4 244 4077
115 222 4155
138 205 8456
3 85 4509
40 207 6571
89 159 9112
80 279 4661
202 204 8161
145 177 5058
213 278 8926
16 247 906
198 226 6302
125 238 3896
72 152 9116
206 222 5648
161 256 8078
83 168 3317
20 233 3650
98 264 9603
61 141 2292
84 86 9646
148 155 8196
4 278 6
170 230 458
38 60 8236
158 265 1701
197 203 8388
47 86 5944
221 239 6022
58 165 1382
55 105 8420
85 172 1922
95 249 4884
154 275 2292
101 228 7689
97 283 9404
59 146 7686
259 275 7136
166 280 6751
8 17 5121
120 276 5607
6 194 4293
148 223 4109
180 246 9596
10 200 1292
37 165 9163
228 229 4050
117 196 4430
194 217 6212
133 184 5686
53 101 4558
194 274 9141
136 192 7822
198 217 5164
238 258 1932
60 64 4130
170 223 4049
12 110 6412
75 154 4404
148 285 9126
200 231 3830
2 185 47
102 229 5183
100 176 9030
69 140 2601
135 153 4812
62 172 259
64 130 2418
83 234 9344
133 237 9062
107 215 8094
230 271 6425
39 152 615
106 261 2085
210 255 1158
223 266 5413
209 244 9501
32 68 6177
38 62 1562
6 116 7110
81 167 6023
166 192 3624
178 253 6773
107 200 6604
157 205 745
