76
618
-1
191
18
96
181
184
42
115
181
131
19
96
129
71
178
16
24
37
157
26
9
453
362
96
31
11
56
598
71
20
129
171
406
110
136
200
47
-1
140
109
125
100
499
47
460
31
24
44
138
78
504
143
67
33
116
58
605
202
34
40
495
9
111
2
35
512
568
91
39
74
178
-1
101
469
6
395
5
119
175
25
13
97
65
19
23
153
115
110
269
95
165
182
155
227
147
148
46
142
146
119
580
119
181
445
71
81
20
326
386
499
508
63
65
100
183
111
501
37
11
161
22
491
125
138
100
125
571
209
631
114
18
109
166
84
184
69
160
239
390
157
138
112
116
166
402
270
56
557
166
74
631
88
188
20
194
154
35
598
46
150
38
103
41
353
35
16
108
57
44
66
128
-1
47
-1
610
132
78
157
188
16
50
82
19
562
-1
105
12
24
54
148
67
198
71
-1
80
20
84
6
123
156
413
24
16
101
528
174
477
93
142
340
123
137
89
205
179
452
149
254
96
40
576
157
235
460
140
72
39
639
24
148
2
160
99
465
23
23
166
85
405
28
182
109
154
54
83
150
160
324
446
6
-1
74
16
45
184
16
477
112
116
135
162
84
204
577
200
84
31
167
11
16
115
66
16
115
37
39
434
103
318
41
135
37
46
93
189
120
47
99
98
346
76
39
79
451
87
18
33
208
213
571
104
410
39
184
97
1
100
168
12
24
179
32
103
119
50
260
436
501
119
78
102
19
93
185
178
77
147
97
163
5
337
323
519
80
25
53
34
63
93
110
77
131
52
115
96
128
188
146
112
123
-1
415
74
102
164
63
48
97
208
160
268
210
133
20
16
42
184
34
68
161
97
103
571
39
512
146
457
64
53
154
119
342
8
19
161
106
134
21
92
189
2
163
409
41
8
76
21
45
68
13
161
5
108
19
370
-1
11
98
140
115
134
334
281
450
245
34
146
469
560
67
433
521
221
34
77
71
527
211
39
140
140
-1
328
37
146
162
123
430
151
167
191
24
92
110
153
519
-1
74
579
167
125
78
615
63
134
66
2
380
304
47
154
104
125
225
41
71
2
136
312
101
547
523
-1
528
74
80
134
188
62
47
31
26
99
638
191
40
21
15
165
8
8
45
-1
-1
166
504
151
188
159
13
194
230
340
24
167
49
89
26
74
-1
129
161
438
134
20
508
147
194
195
42
31
188
397
37
134
62
25
103
307
146
-1
64
187
394
367
2
616
150
69
22
465
21
184
24
31
16
45
-1
5
93
61
75
31
156
292
61
49
6
148
135
19
46
72
-1
24
61
101
191
32
136
34
61
82
167
98
9
5
147
12
612
156
284
40
140
51
82
409
10
434
41
155
58
74
63
179
136
587
508
207
151
204
104
61
532
31
460
142
159
41
131
111
20
44
128
70
476
55
154
61
80
128
6
7
5
285
142
115
153
557
166
202
639
245
139
254
9
78
606
197
119
470
8
188
175
238
194
47
623
579
276
-1
164
61
513
147
37
96
238
6
274
-1
379
67
78
64
148
91
136
99
19
78
156
41
46
38
157
270
2
6
545
147
399
34
270
268
403
66
332
116
56
41
150
35
165
97
164
20
205
622
9
403
50
20
176
258
161
545
156
110
94
54
44
51
43
41
328
146
95
89
120
132
37
110
147
87
453
11
166
30
-1
461
63
89
534
104
44
62
186
205
191
166
41
66
62
-1
191
128
40
638
332
132
21
23
193
112
136
489
187
14
112
23
163
88
460
81
134
213
321
102
184
-1
61
164
47
146
484
129
9
530
322
84
194
178
342
109
50
89
8
200
163
117
41
11
48
21
519
138
543
20
612
102
496
100
110
62
194
64
9
531
153
512
298
201
160
96
104
-1
200
-1
120
9
40
154
350
13
83
54
525
22
622
150
115
6
151
35
14
583
14
62
89
93
110
119
161
9
313
37
57
39
138
40
162
355
615
137
9
-1
9
32
9
245
573
36
97
399
48
10
50
-1
189
52
96
87
453
9
119
22
264
111
14
19
149
87
123
80
62
161
71
323
103
135
402
128
149
167
541
150
24
34
21
373
3
71
213
476
130
120
91
440
69
503
535
131
136
507
199
34
459
542
184
96
168
8
166
140
120
114
263
74
115
72
416
63
46
20
129
16
99
2
80
92
90
115
104
-1
311
82
566
65
116
61
200
99
424
184
30
194
243
132
76
46
154
358
328
11
80
368
2
191
167
112
205
163
9
157
164
11
150
2
9
21
115
150
101
544
9
299
70
62
125
191
146
244
66
41
11
76
56
410
58
104
179
6
39
57
214
167
276
71
6
101
171
119
243
40
52
121
197
132
55
154
44
40
88
281
127
123
163
24
583
110
80
98
161
0
383
48
138
96
21
317
566
206
-1
433
410
140
16
21
445
631
317
35
58
74
115
42
115
8
150
129
234
125
34
122
188
116
532
12
104
9
116
23
167
23
169
608
169
146
-1
178
16
245
134
14
140
67
129
23
283
-1
35
19
16
166
8
-1
63
151
111
194
22
61
99
140
38
150
137
198
368
382
8
88
6
194
87
338
181
82
19
456
261
1
167
420
54
110
119
194
358
151
111
559
39
134
96
134
386
21
199
42
35
178
167
166
194
62
205
47
52
85
24
74
590
40
46
61
639
84
148
98
515
169
88
52
571
151
254
116
210
48
134
21
31
524
5
182
350
216
322
44
75
112
100
172
147
8
20
269
140
129
88
-1
33
65
612
146
68
116
8
101
120
189
276
72
233
88
162
504
366
13
26
128
298
37
182
246
114
80
112
193
24
80
159
71
160
71
136
64
97
459
579
37
454
535
6
100
52
140
270
367
317
19
128
137
348
62
195
169
367
24
146
115
345
94
79
-1
81
6
156
55
352
1
6
68
163
399
167
139
47
88
440
128
69
522
161
527
205
600
20
166
169
20
163
172
328
132
139
23
163
143
9
65
15
534
51
104
99
161
141
23
44
465
136
57
78
19
-1
