169
180
15
-1
-1
280
100
41
176
132
157
83
139
-1
80
280
150
31
243
168
65
223
4
-1
119
44
31
-1
243
180
94
107
77
35
41
47
-1
62
-1
-1
65
123
173
87
265
238
168
35
52
-1
91
27
-1
196
16
215
99
189
194
31
23
83
-1
275
282
192
124
-1
-1
257
179
-1
-1
18
281
-1
31
66
143
18
285
223
155
31
217
72
27
-1
147
208
16
42
-1
56
168
94
140
4
249
96
251
168
25
236
9
153
7
242
125
102
-1
-1
60
215
39
34
120
34
94
74
99
255
39
147
98
87
101
31
224
252
41
24
48
32
104
151
275
52
249
134
222
10
4
243
-1
233
275
-1
158
269
213
146
111
168
210
90
276
95
226
193
214
92
147
21
168
132
-1
282
159
60
117
285
87
156
96
-1
95
83
236
18
190
238
32
48
100
166
256
86
223
58
-1
98
155
-1
87
162
102
-1
162
242
241
34
148
6
167
255
-1
88
94
188
33
-1
57
241
29
162
156
215
138
-1
-1
160
247
192
22
117
7
-1
194
199
263
92
57
285
222
282
-1
-1
-1
-1
-1
85
114
41
-1
154
23
265
4
135
134
-1
62
157
175
73
279
56
54
166
1
106
69
282
162
86
241
5
23
81
190
142
-1
139
190
-1
135
188
117
225
176
57
266
22
249
120
27
135
35
128
281
114
16
269
5
284
61
244
130
264
252
253
60
167
147
114
212
81
164
-1
163
-1
29
184
87
272
-1
8
82
18
187
180
82
79
16
-1
130
21
121
129
64
153
64
-1
9
206
153
244
273
215
-1
267
265
164
162
2
-1
85
199
-1
155
6
285
96
52
27
184
134
-1
34
-1
148
189
225
252
22
19
192
9
32
29
223
15
4
224
-1
64
129
184
35
273
286
239
42
-1
75
107
131
194
164
93
-1
262
7
-1
40
194
169
277
75
48
195
9
-1
226
195
265
40
251
-1
224
256
9
-1
8
55
260
-1
267
21
82
-1
43
277
286
-1
131
115
87
164
242
192
103
80
207
21
269
205
-1
35
65
6
267
91
89
-1
233
149
85
175
41
157
57
111
52
21
80
-1
155
-1
-1
3
190
265
12
134
-1
189
123
11
55
189
283
-1
83
32
45
85
174
139
167
264
160
282
188
74
139
129
6
179
258
7
87
40
180
-1
253
157
8
214
267
177
-1
139
86
211
267
131
85
252
67
252
8
82
48
95
115
-1
284
45
245
-1
-1
202
169
100
-1
60
31
16
61
246
248
145
183
236
115
220
-1
129
240
4
-1
280
205
23
140
-1
210
102
75
206
121
42
159
121
233
101
176
194
-1
-1
-1
178
155
6
209
19
-1
169
31
69
215
122
214
84
194
100
220
177
60
-1
21
6
22
254
195
129
67
-1
146
193
-1
252
-1
135
204
101
-1
26
53
42
155
80
1
273
233
275
16
205
-1
210
54
100
47
41
90
175
52
269
286
18
194
104
-1
98
258
99
31
129
57
38
261
199
12
184
241
16
-1
184
58
-1
266
52
16
211
254
121
235
7
94
10
109
-1
148
19
39
169
269
284
90
-1
19
33
202
22
40
73
46
-1
171
91
-1
130
174
167
242
-1
177
246
22
215
148
242
239
65
123
131
84
7
223
260
217
-1
80
58
35
101
27
168
60
-1
195
156
42
169
-1
69
217
75
25
196
252
133
230
22
218
186
192
0
282
159
192
180
11
232
209
27
94
149
251
250
-1
177
-1
27
17
184
-1
-1
-1
194
207
84
176
139
41
120
286
-1
-1
83
218
66
74
213
71
213
-1
277
239
84
232
226
263
221
124
284
6
67
122
109
132
-1
176
265
100
83
42
65
75
41
64
153
228
8
33
-1
5
-1
49
196
-1
195
86
81
42
200
67
106
-1
187
164
22
60
-1
5
253
184
107
176
99
263
276
17
42
261
-1
-1
2
-1
-1
286
73
281
8
-1
16
74
161
-1
115
35
167
56
263
277
32
129
143
4
89
5
128
5
238
102
104
58
186
46
251
69
69
99
173
123
32
12
285
133
147
147
245
266
84
46
193
143
69
38
284
107
171
-1
194
34
115
65
278
59
285
175
180
169
-1
64
3
157
255
-1
178
260
214
5
94
-1
56
96
175
177
-1
-1
-1
186
286
202
139
7
133
280
25
-1
164
11
79
180
11
44
229
-1
35
-1
118
78
157
31
21
236
9
262
26
-1
21
27
176
251
239
48
109
103
-1
98
140
149
-1
-1
35
153
12
-1
262
277
205
115
164
281
169
43
223
-1
282
143
269
175
-1
67
8
46
107
8
-1
-1
22
5
195
147
258
106
75
-1
16
19
-1
257
175
-1
-1
67
49
275
176
234
223
85
104
282
216
54
107
244
-1
-1
176
25
222
64
146
-1
1
49
-1
102
54
278
48
-1
195
61
236
-1
169
58
49
275
25
172
-1
26
113
-1
283
-1
233
163
34
286
77
7
163
266
103
98
-1
148
196
8
180
154
170
16
9
85
147
81
118
74
257
19
19
91
225
16
-1
9
57
-1
106
-1
84
238
173
7
246
194
-1
44
168
37
149
27
269
42
117
157
283
177
-1
-1
11
211
35
155
69
175
196
172
180
128
110
69
-1
57
80
-1
5
-1
72
-1
204
-1
192
267
22
-1
157
223
247
-1
157
35
-1
41
34
265
193
-1
178
43
25
11
-1
147
158
22
173
189
246
186
204
129
5
254
18
281
243
69
24
-1
140
19
4
120
-1
255
270
72
284
2
-1
253
96
163
22
52
7
93
-1
82
84
2
-1
9
32
196
114
42
23
-1
223
228
27
210
244
18
282
106
22
14
195
158
11
11
184
222
24
96
114
89
185
26
255
100
194
285
242
203
43
67
254
180
132
-1
220
284
169
23
283
-1
202
165
178
114
285
118
83
129
186
188
101
-1
16
-1
22
277
74
7
-1
-1
178
43
251
192
143
56
151
145
89
95
-1
69
44
277
-1
100
254
43
168
-1
280
11
47
4
65
153
102
-1
-1
9
153
-1
271
75
245
267
257
162
163
-1
-1
283
99
211
102
-1
88
8
194
238
267
67
139
16
184
35
28
5
120
97
-1
4
204
157
215
125
87
99
242
130
-1
122
147
59
-1
9
258
-1
242
38
204
255
241
84
157
239
39
210
85
273
5
-1
-1
169
195
68
42
96
248
-1
11
7
-1
217
235
258
257
208
-1
153
-1
242
60
11
-1
130
87
238
48
45
285
269
-1
80
257
89
111
-1
81
219
21
48
17
249
133
23
-1
115
139
212
144
104
232
-1
262
68
272
135
276
68
-1
123
-1
-1
60
136
60
123
49
196
86
68
22
-1
74
104
-1
177
-1
148
269
222
-1
276
122
16
203
74
25
281
9
266
253
155
31
-1
49
123
207
202
26
134
-1
11
34
84
162
7
86
253
278
165
120
147
107
-1
-1
249
247
222
107
23
215
157
169
-1
80
247
236
47
-1
37
134
200
64
165
106
-1
176
157
59
107
11
-1
9
280
236
151
-1
184
52
257
266
277
147
85
191
223
158
-1
126
6
-1
45
275
-1
85
218
81
203
-1
107
178
96
18
-1
-1
269
42
-1
271
222
56
11
265
151
46
58
235
61
256
56
136
211
52
266
281
118
-1
118
25
16
-1
73
-1
4
68
57
40
12
115
-1
23
160
177
73
189
8
-1
-1
169
83
109
41
65
-1
25
99
69
129
122
-1
48
115
167
215
263
153
86
-1
182
52
225
107
19
32
82
111
132
-1
202
47
66
189
-1
194
215
157
169
125
121
-1
5
236
122
89
31
176
6
204
-1
244
31
18
194
256
-1
-1
158
104
33
254
121
196
134
9
-1
-1
99
282
-1
48
238
-1
208
-1
139
82
71
120
19
134
131
279
-1
80
65
261
-1
-1
-1
47
-1
58
279
277
-1
67
251
-1
164
120
149
215
193
-1
15
15
87
246
260
45
282
16
279
85
263
197
214
183
-1
22
6
35
-1
91
-1
32
84
-1
266
215
118
87
46
115
175
-1
111
59
80
103
92
259
22
16
81
88
195
124
15
149
172
94
81
114
46
284
131
-1
-1
101
240
9
23
-1
218
-1
57
231
107
32
210
11
7
-1
189
199
186
280
41
-1
236
245
-1
131
169
-1
207
196
114
41
222
215
-1
282
65
119
73
-1
109
223
151
-1
-1
59
24
9
21
208
-1
61
-1
27
164
257
45
284
16
189
92
32
45
26
5
85
19
180
153
-1
65
84
236
180
158
220
275
106
60
-1
103
107
145
-1
-1
4
148
-1
32
72
9
194
230
153
111
31
11
176
260
6
27
204
255
11
105
35
146
118
-1
80
94
69
-1
103
-1
145
96
75
-1
104
205
214
195
-1
73
27
265
217
250
183
99
41
258
186
211
104
99
32
184
225
-1
214
55
44
44
260
102
253
102
282
196
73
57
115
-1
238
75
39
8
46
-1
196
68
-1
-1
-1
-1
48
45
113
-1
-1
104
-1
278
-1
87
194
85
84
-1
-1
31
277
160
68
48
11
258
241
73
188
144
215
79
96
11
277
40
258
107
135
230
284
149
23
-1
165
205
246
280
67
101
176
277
84
252
29
255
80
39
211
266
106
217
275
49
26
164
157
184
-1
-1
81
173
224
277
-1
4
-1
213
11
-1
115
42
5
-1
72
72
125
182
-1
84
258
81
118
-1
-1
-1
260
163
9
35
74
87
179
94
134
153
-1
-1
48
81
149
47
40
91
211
253
193
92
158
171
5
-1
273
236
84
-1
48
121
-1
246
26
89
263
3
41
189
220
35
223
-1
-1
100
80
223
60
-1
253
45
157
139
122
274
-1
132
189
73
285
34
103
139
84
60
-1
175
62
-1
273
-1
116
145
-1
132
284
115
253
-1
-1
130
65
6
173
253
168
220
220
-1
233
-1
84
107
68
254
241
165
242
145
-1
-1
215
196
-1
242
4
184
210
134
165
71
-1
115
58
109
69
99
46
108
109
199
132
250
-1
177
96
118
82
236
-1
19
107
101
266
38
32
184
52
256
259
16
119
162
95
162
7
102
138
122
153
68
196
88
69
233
222
153
32
60
211
16
5
6
246
18
40
281
183
74
-1
283
9
223
281
90
277
222
166
164
31
25
43
209
22
86
132
64
73
145
285
253
87
189
111
211
67
82
80
285
111
60
41
48
107
75
-1
281
222
242
177
-1
83
239
216
177
-1
83
238
173
-1
251
-1
162
100
176
250
123
80
263
109
160
68
281
-1
46
193
169
1
9
184
35
165
157
119
27
217
39
252
46
279
-1
242
140
132
109
109
276
83
253
215
-1
82
87
122
110
139
179
210
101
39
86
82
224
168
-1
80
186
230
256
49
95
6
47
-1
279
269
126
11
42
22
106
188
157
32
253
209
74
133
222
15
